-0.49737
-0.53519
-0.09734
0.27092
0.78151
0.51451
0.38968
0.40154
0.46364
0.56637
0.90999
1.29379
1.17754
1.35957
1.06137
1.16231
1.11655
1.26274
1.21332
1.25098
1.68083
1.52170
1.45624
1.24784
1.22322
1.20942
1.44219
1.42868
1.19407
0.82795
0.91172
1.00771
0.94815
1.23249
1.57117
1.69199
1.51974
1.34170
1.34456
1.55503
1.95028
2.01851
1.60731
1.39179
1.62982
1.67104
1.57393
1.66306
2.01319
2.40142
2.14920
2.03293
1.97638
1.91042
2.21919
2.03321
2.03547
1.95417
1.88974
1.82125
1.43724
1.11464
1.22130
0.78870
0.59333
0.86932
0.84020
1.04471
0.97850
0.97964
0.80746
0.91038
0.93887
1.17599
1.45933
1.71350
1.89760
1.63084
1.76650
1.92128
1.91892
2.09999
2.22514
2.20365
2.53594
2.33714
2.01792
2.36817
2.41041
2.37295
1.99983
2.03101
2.00254
2.02058
1.78384
1.75675
1.60205
1.93750
2.04552
1.88925
1.99685
1.50659
1.90176
2.16408
2.02405
2.63152
3.08784
3.01839
2.83497
2.73790
3.06872
3.11920
2.91144
2.90569
2.89613
2.37262
2.66945
2.30260
2.18019
2.26942
2.39328
2.30550
1.73929
1.34809
1.49035
1.67887
1.43165
1.87415
1.64604
1.66188
1.95249
1.97272
2.01525
2.13218
2.63716
3.22817
3.58808
3.79090
4.45902
4.68490
5.13979
5.99017
5.84674
5.86456
5.91050
6.15337
6.25249
