0.05838
0.24366
0.14368
0.00961
0.11141
-0.04816
0.01452
-0.15600
-0.10882
-0.20655
-0.09933
0.34289
-0.08198
-0.03465
0.57187
0.94193
1.28996
1.05510
1.30454
1.47428
1.72291
1.81683
1.74135
1.71968
1.78497
1.53979
1.39001
1.26873
1.11322
1.09475
0.89920
0.89323
0.97567
1.32232
1.44117
1.26548
1.56524
2.06216
1.87747
2.16984
2.55212
2.72050
2.52412
2.19277
2.00677
1.55462
1.70386
1.78936
1.92384
1.83968
2.84838
2.84071
2.27669
2.43320
2.55133
2.69949
2.49865
2.76869
2.34707
2.46501
2.15554
1.60605
0.80427
0.70986
0.96632
0.83865
0.89142
0.86266
1.00595
0.98415
1.18774
0.92278
1.40577
1.73245
1.58356
1.72615
1.74343
1.98288
1.78648
1.98180
2.55137
2.51091
2.61039
2.53432
2.51062
2.56777
2.52650
2.69807
3.05029
2.99731
2.66899
2.51554
2.37733
2.18852
2.45982
2.55555
2.25838
2.30235
2.55445
2.58782
2.34834
1.98341
2.25046
2.23062
2.19606
2.70854
1.94941
2.83181
2.67264
2.60909
2.55077
2.31189
2.38095
2.28893
2.48361
2.73706
2.49091
2.66775
2.73997
2.40089
2.54951
2.60006
2.30853
1.67779
2.02119
2.11219
2.13958
2.11372
2.19764
2.08648
2.52396
2.12378
1.20253
1.64665
2.32026
3.67124
3.18582
3.75377
4.43727
4.41068
5.03994
5.43114
5.71451
5.98398
6.69760
6.73253
6.84409
