-0.96539
-1.25343
-1.04563
-0.93506
-0.96314
-1.00931
-0.70281
-0.49219
-0.29287
-0.31863
-0.16637
0.06633
0.43225
0.95575
0.79837
0.90449
1.17859
1.24177
1.44780
1.74830
1.74700
1.92685
2.07514
2.11054
2.14696
1.92710
1.86361
1.96474
1.86664
1.88390
1.66654
1.54517
1.63069
1.53725
1.67124
1.68428
1.53940
1.68410
1.76443
1.79991
2.02270
2.17359
2.26732
2.18093
2.09922
2.05761
1.90194
1.91700
2.20317
2.49459
2.85680
2.71354
2.65121
2.53955
2.64561
2.75138
2.85968
2.84718
2.84779
2.93350
2.67045
2.30982
2.01697
2.09355
1.94480
1.97646
1.93605
1.93134
1.95229
2.07214
2.09826
1.89460
1.86079
1.74169
1.62370
1.58302
1.84058
1.81890
1.82966
1.92974
2.04442
2.13201
2.14455
2.23923
2.51538
2.75485
2.82942
2.83203
2.70140
2.71055
2.61315
2.73658
2.73159
2.82349
2.89658
2.88717
2.79518
2.78651
2.75200
2.81574
2.80550
2.44409
2.54187
2.26352
2.00961
2.18839
2.49442
2.60169
2.49414
2.50524
2.62916
2.59407
2.53495
2.82598
2.84478
2.78321
3.01558
2.95202
2.66103
2.52615
2.66255
2.55036
2.33935
2.09011
1.95035
1.65029
1.74068
2.01733
1.98435
2.03500
2.02692
1.98914
1.93815
1.93370
2.23183
2.67648
3.17495
3.33903
3.51834
3.65361
4.05423
4.47001
4.78286
5.11817
5.77252
6.38185
6.72408
