-1.22342
-1.29123
-1.52937
-1.61271
-1.42711
-1.52548
-1.29881
-1.10204
-1.08030
-1.00854
-0.51159
-0.15090
0.05128
0.30415
0.56123
0.77769
0.91066
1.16194
1.29820
1.38495
1.63151
1.79356
1.79845
1.84062
1.81052
1.83084
1.88688
1.92374
1.85965
1.98015
1.93698
2.01895
1.99793
2.09877
2.21467
2.09284
2.22138
2.27878
2.32238
2.40210
2.60931
2.60683
2.57229
2.67542
2.77735
2.77337
2.83841
2.97238
2.89522
2.83399
2.89197
2.29604
2.79109
2.97792
3.23408
2.99544
3.08929
3.16633
3.17921
3.10723
3.19414
3.39126
3.35312
4.07718
3.48638
3.44123
3.46430
3.64814
3.56969
3.51173
3.41387
3.62706
3.94286
3.93157
3.88511
3.66104
3.95287
3.98557
4.02047
4.12625
4.33936
4.57666
4.64645
4.73023
4.42372
4.48136
4.46515
4.63608
4.34346
4.26313
4.22841
4.21146
3.95069
4.04216
3.92057
3.87511
3.91070
3.75438
3.88250
3.88564
3.88004
3.96816
3.89304
3.85579
3.87879
3.54318
3.76372
3.70882
3.75040
3.83614
3.90220
3.93485
4.03026
4.15477
4.24074
4.17676
4.27646
4.15203
4.05561
3.74583
3.67872
3.77641
3.33402
3.32435
3.32788
2.90319
2.78134
2.58538
2.31796
2.23337
2.21524
2.14622
1.93113
1.68901
2.01256
2.21741
2.26945
2.47951
2.56764
2.81687
3.31963
4.03118
4.60440
5.21037
5.85497
6.15284
6.56095
