0.79223
0.53676
0.43618
0.36498
0.73906
0.38070
0.27268
0.14974
0.37808
0.49321
0.61769
0.76824
0.64507
0.77169
1.02604
1.26991
1.41481
1.63103
1.85137
2.00586
2.30708
2.13210
2.18756
1.94709
1.93057
1.87227
1.70732
1.53080
1.29242
1.18062
0.74814
0.99242
1.20545
1.41193
1.50509
1.67427
1.84915
1.94867
1.64913
1.62029
1.93385
1.78961
1.98659
1.85231
1.93686
1.69828
1.74748
1.92583
2.65160
2.26499
2.84896
2.60125
2.62675
2.42502
2.35305
2.26482
1.77579
1.96187
1.79358
1.45910
0.88913
1.32037
0.79979
1.17040
0.68650
1.12262
0.97820
0.88175
1.40218
1.30183
1.42095
1.29076
0.85320
0.86764
1.18126
1.31391
1.69092
1.68653
1.92576
2.15303
1.95246
2.31319
2.28116
2.66697
2.93212
2.84861
2.53407
2.51605
2.51954
2.16681
1.85979
2.08734
1.96083
1.72900
1.76400
1.94460
1.93564
2.11808
2.57585
2.59312
2.76936
2.67927
2.86636
2.95516
2.82297
2.79926
2.50202
2.57875
2.62514
2.36407
2.18375
2.19658
1.72495
2.04466
1.95460
1.43482
1.78619
1.49589
1.98724
1.58537
1.85800
1.96758
1.71635
1.32402
1.25153
1.56389
1.62046
1.67684
1.59333
1.52035
1.51436
1.94284
1.51449
1.59362
1.79490
2.40766
2.80783
3.17134
3.26656
3.22135
3.37737
4.13552
4.07385
3.99977
4.78305
4.56429
5.34998
