0.03971
0.09364
0.17529
0.25112
0.42960
0.29460
0.25283
0.14495
0.18242
0.15740
0.32865
0.70451
0.42594
0.52266
0.76707
1.02187
1.17470
1.10367
1.21559
1.32686
1.63169
1.57405
1.51375
1.44896
1.45937
1.34387
1.36094
1.33524
1.14292
1.05462
0.98820
1.03674
1.07149
1.36289
1.52324
1.44679
1.63666
1.84409
1.72116
1.92863
2.35119
2.42569
2.16333
1.85466
1.84452
1.61032
1.68399
1.78060
1.94249
2.08316
2.56645
2.46515
2.10587
2.16775
2.32183
2.33209
2.23609
2.40151
2.09973
2.18596
1.86691
1.37435
1.01101
0.84267
0.94826
0.95377
0.98186
1.09552
1.11984
1.07907
1.15616
0.98013
1.25397
1.57781
1.57695
1.71999
1.79559
1.88531
1.82356
1.94617
2.33319
2.31311
2.40573
2.40469
2.51942
2.42412
2.23822
2.50123
2.72660
2.66966
2.28901
2.25065
2.12005
2.08729
2.20190
2.35419
2.10923
2.33170
2.51002
2.43611
2.38100
1.92679
2.30646
2.45271
2.32888
2.92910
2.69689
2.94041
2.76701
2.68420
2.85251
2.78222
2.68999
2.64774
2.72431
2.52444
2.59513
2.45475
2.41182
2.32452
2.45619
2.42735
1.97366
1.48880
1.70798
1.85530
1.71679
1.96743
1.86877
1.82883
2.18467
2.03245
1.69346
1.93976
2.51191
3.40365
3.42828
3.77621
4.45087
4.57579
5.10007
5.76816
5.79385
5.91205
6.22118
6.38223
6.48613
