1.42414
0.90467
0.99543
0.99313
0.92064
0.20869
0.39729
0.50631
0.76239
0.52986
1.10269
1.30797
1.16397
1.24305
1.55737
2.14809
2.30119
2.31531
2.29031
2.74290
3.06911
2.73972
2.80897
2.84729
2.21677
2.30228
1.81818
1.35031
0.98704
0.80361
0.76109
0.95957
1.27466
1.31265
0.85876
1.11633
1.55237
1.61694
1.12749
1.55775
2.34280
2.38112
2.14825
1.95509
1.69201
1.84351
2.04680
1.81698
2.18721
2.07337
3.96117
2.42379
2.58975
2.22610
2.48508
2.08728
1.68223
1.48343
1.27398
0.87056
1.00717
0.56644
-0.47421
0.73804
-0.15382
0.81044
0.45328
0.51799
0.51420
0.51402
1.06875
1.24244
0.59600
1.16325
0.91095
1.03701
1.61326
1.37408
1.69097
2.07790
2.28606
2.85261
2.42557
2.37200
2.70892
2.59365
2.55960
2.51220
2.41330
1.53967
0.88355
1.42407
1.00417
0.66424
1.29618
1.67190
1.67176
1.70084
2.28259
2.35739
2.99024
3.34466
3.60338
3.98325
3.66858
3.05876
2.74218
3.15604
2.98167
2.51746
2.12967
2.16614
1.33348
1.50211
1.41578
0.29486
1.06474
1.03280
1.29402
0.68875
1.05498
1.41645
1.18779
0.95803
0.89407
1.52220
1.97754
1.85681
2.00119
1.86474
1.78836
2.32685
1.88464
1.94097
2.86731
3.01006
3.40706
3.99128
4.02185
4.01968
4.10244
5.26565
5.28109
5.22418
5.60865
5.91748
5.83533
