-0.63634
-0.94249
-0.81489
-0.73865
-0.80995
-1.01049
-0.82482
-0.49308
-0.28015
-0.26203
-0.23998
0.01136
0.57440
0.98259
0.94892
1.00558
1.44796
1.87298
1.99950
2.51543
2.43932
2.67866
2.72965
2.57921
2.42178
2.05659
1.96633
2.15095
1.95841
1.84448
1.80923
1.41171
1.35428
1.31029
1.53577
1.60562
1.47690
1.76832
1.82828
1.75019
2.18198
2.50855
2.56341
2.54617
2.48616
2.22787
2.08583
2.14840
2.43246
2.69038
2.99362
2.94139
2.79740
2.54598
2.55041
2.67952
2.64303
2.73820
2.63259
2.65801
2.38320
2.09605
1.82260
1.93388
1.67146
1.67714
1.64600
1.70771
1.84134
1.79068
1.83110
1.61781
1.46806
1.19742
1.19079
1.10956
1.33621
1.27376
1.29888
1.38006
1.46857
1.57808
1.61951
1.77614
2.22310
2.59170
2.73105
2.58460
2.42838
2.47170
2.38511
2.52146
2.52193
2.70835
2.84048
2.79023
2.75331
2.70182
2.79044
2.88954
2.81690
2.33061
2.42926
2.06589
1.83790
1.96677
2.14085
2.24393
2.09765
2.11586
2.09844
2.16576
2.18483
2.77837
2.72071
2.69599
2.88078
2.93613
2.81976
2.72184
2.83121
2.72464
2.47876
2.06243
1.93715
1.57373
1.78946
2.12998
2.06131
1.95402
1.84900
1.80082
1.76726
1.75096
2.04692
2.71680
3.30629
3.37731
3.51967
3.54637
4.00151
4.38561
4.79296
5.02892
5.57622
6.17097
6.47871
