-1.08379
-1.50527
-1.20493
-1.13799
-0.92976
-1.06234
-0.73791
-0.73528
-0.47442
-0.50806
-0.15926
0.04024
0.09877
0.79064
0.40267
0.67651
0.64291
0.57340
0.85151
1.00943
1.02703
1.20749
1.48021
1.57758
1.74997
1.79947
1.78788
1.72634
1.80826
1.92210
1.30222
1.41525
1.65190
1.58728
1.68604
1.83650
1.78690
1.72833
1.78868
1.95663
1.92675
1.81880
2.26900
2.10076
2.18159
2.30844
2.17491
2.06013
2.21695
2.55800
2.85338
2.58737
2.69121
2.70964
2.78344
2.82780
2.94900
2.83561
2.91265
3.02621
2.81217
2.38473
2.36530
2.45611
2.37169
2.46688
2.60559
2.53952
2.43487
2.59738
2.58625
2.48728
2.60682
2.71383
2.42289
2.40606
2.73842
2.78029
2.63929
2.80397
2.87476
3.10113
3.10863
3.14647
3.25522
3.29348
3.20256
3.35561
3.23411
3.23980
3.08809
3.19217
3.31592
3.28256
3.31061
3.21909
3.04144
3.04044
2.79048
2.88189
2.92964
2.82184
2.91150
2.72077
2.37888
2.50142
2.98944
3.17628
3.13037
3.12969
3.48543
3.28417
3.09690
2.90242
3.04380
2.92309
3.23049
2.97732
2.40718
2.21487
2.38999
2.26856
2.11711
2.11813
1.95351
1.76280
1.66273
1.84247
1.85618
2.15273
2.29399
2.27181
2.19311
2.20746
2.50810
2.61627
2.97972
3.28298
3.51766
3.81519
4.13261
4.59612
4.76820
5.25104
6.10618
6.74477
7.13334
