-1.30081
-1.30990
-1.73551
-1.58505
-1.29124
-1.87009
-1.60500
-1.69340
-2.02317
-2.26619
-1.48163
-0.95940
-0.54507
-0.12532
0.06499
0.27175
0.68017
1.08536
1.14444
1.40523
1.63540
1.96476
1.74578
1.60652
1.59805
1.36491
1.30275
1.39399
1.24058
0.82833
0.80712
0.79719
0.71126
0.77350
0.92953
0.90859
0.86401
0.97895
1.06576
1.21897
1.57183
1.75566
1.67459
2.21630
2.30546
2.16217
2.20278
2.28300
2.10701
1.70720
1.76947
1.05850
1.70545
2.29059
2.21086
1.88668
1.95713
2.07648
2.03195
1.77607
1.91734
2.69788
2.59742
3.17756
2.24989
1.86100
2.12888
2.27751
2.19720
1.92050
1.39136
1.92790
2.55882
2.09459
1.80619
1.36614
1.98006
2.34808
2.49514
2.34097
2.58691
3.04290
3.32215
2.77760
2.06275
2.37404
2.66367
3.33096
3.21412
3.30062
3.34261
3.56522
3.46411
3.56214
3.22984
3.38265
3.62551
3.36654
3.25722
3.20043
3.04765
2.84389
2.78500
2.65162
2.76939
2.62700
3.42466
3.32668
3.49999
3.65035
3.88166
4.03107
4.24202
4.37864
4.43136
4.39972
4.22162
4.34458
3.92096
3.66384
3.46510
3.49750
3.06657
3.17958
2.92545
2.42251
2.21900
2.11339
2.35225
2.19007
2.49127
2.46794
2.24946
1.87952
2.36727
2.31366
2.88457
3.25930
3.29818
3.48876
4.04165
4.66304
5.13123
5.64313
6.38568
6.78970
7.01855
