-1.02293
-1.09084
-1.25373
-1.45358
-1.22522
-1.28796
-1.01815
-0.71420
-0.50927
-0.37677
-0.04167
0.13373
0.26838
0.43828
0.76204
0.95969
0.91981
1.16798
1.33073
1.32087
1.51213
1.67589
1.80762
2.01172
1.96189
2.10087
2.10218
2.09695
2.07266
2.32272
2.22097
2.36032
2.35302
2.44663
2.50757
2.37431
2.64121
2.69174
2.74342
2.81077
2.95572
2.87988
2.82664
2.81678
2.93817
2.94369
2.97719
3.14786
3.09801
3.10861
3.14240
2.60358
3.09353
3.14981
3.52296
3.24516
3.33761
3.40850
3.50978
3.47418
3.54196
3.51439
3.47626
4.24758
3.74280
3.77930
3.74147
3.89135
3.79810
3.81267
3.81054
3.95738
4.16024
4.33805
4.45125
4.26568
4.42942
4.36564
4.32762
4.56471
4.81044
4.97809
4.92534
5.20908
5.07159
5.05318
4.93261
4.97109
4.67964
4.55552
4.51605
4.43204
4.07427
4.15981
4.18886
4.11589
4.06970
3.95598
4.26735
4.26684
4.23424
4.46462
4.41019
4.44532
4.45190
4.06397
4.01311
3.98903
3.93399
3.97161
3.91793
3.86496
3.87628
3.99172
4.10227
4.01479
4.31608
4.01250
4.15393
3.80505
3.83561
3.98130
3.53275
3.42812
3.62303
3.25891
3.19954
2.93673
2.29399
2.26261
2.00645
1.90551
1.69305
1.54707
1.74823
2.14543
1.80979
1.89743
2.02425
2.31663
2.77920
3.55748
4.20802
4.88425
5.45405
5.67708
6.22879
