0.59496
0.42649
0.26425
0.16933
0.68407
0.43778
0.23631
0.03742
0.25697
0.48997
0.47313
0.60491
0.48781
0.62832
0.86462
1.00294
1.14569
1.42314
1.71776
1.78243
2.07672
1.94709
1.99759
1.67226
1.83742
1.73922
1.66753
1.57955
1.37658
1.28214
0.73402
0.99279
1.17679
1.43639
1.69216
1.83884
1.93639
2.04601
1.80180
1.63856
1.81419
1.61735
1.93906
1.82244
2.00847
1.65610
1.66050
1.95803
2.79644
2.32042
2.50831
2.65381
2.63064
2.48304
2.31092
2.31905
1.80647
2.10409
1.95346
1.64253
0.85280
1.55580
1.20156
1.30563
0.95023
1.22009
1.14251
0.99502
1.67883
1.54733
1.53064
1.30535
0.93281
0.77418
1.26567
1.40106
1.71425
1.78299
1.99837
2.17498
1.85060
2.14431
2.23561
2.76081
3.00287
2.93011
2.52624
2.51662
2.55354
2.36598
2.16941
2.29831
2.26359
2.06807
1.91289
2.03061
1.98316
2.21466
2.59989
2.60085
2.47063
2.26991
2.52163
2.30894
2.45122
2.70108
2.31415
2.21856
2.40179
2.26832
2.21760
2.21570
1.97215
2.38697
2.29232
2.15841
2.23892
1.78511
2.42265
2.14998
2.36304
2.31018
2.04952
1.54442
1.45667
1.56580
1.36715
1.54120
1.31834
1.29094
1.32716
1.68154
1.26236
1.35676
1.06380
1.99557
2.39765
2.60901
2.74706
2.67317
2.87996
3.36110
3.24682
3.15873
4.21983
3.63439
5.01374
