-0.46237
-0.61654
-0.62151
-0.61163
-0.45628
-0.59293
-0.46266
-0.39068
-0.26522
-0.23637
0.01019
0.28721
0.37698
0.65697
0.77955
0.97452
1.15890
1.28011
1.45295
1.62691
1.81808
1.86858
1.91771
1.87423
1.87599
1.77576
1.73628
1.73519
1.59600
1.59324
1.40126
1.44803
1.52399
1.62171
1.74797
1.74347
1.80476
1.92884
1.87641
1.94152
2.21876
2.24926
2.26495
2.17480
2.19159
2.08039
2.07092
2.16933
2.43160
2.45051
2.80310
2.52361
2.57739
2.55450
2.67150
2.62815
2.56416
2.65894
2.56775
2.51909
2.27095
2.21346
1.92570
2.19605
1.90381
1.99834
1.96609
2.01517
2.12038
2.11616
2.13815
2.06939
2.09737
2.11808
2.13589
2.11718
2.37630
2.39429
2.44725
2.58005
2.70226
2.86932
2.90233
3.03991
3.12698
3.18569
3.10288
3.19451
3.11559
3.00843
2.83094
2.90990
2.78596
2.78603
2.80423
2.85662
2.78896
2.82276
2.97617
2.98781
3.00788
2.81406
2.93723
2.87750
2.74998
2.82193
2.88178
2.96047
2.91418
2.87197
2.92447
2.91202
2.80334
2.99602
3.02120
2.83934
3.03184
2.89163
2.86095
2.63085
2.73902
2.74617
2.42036
2.16750
2.14455
2.01530
2.00074
2.09644
1.97669
1.94926
2.00243
2.03105
1.80652
1.79665
2.12933
2.61822
2.88934
3.13982
3.36178
3.49072
3.89139
4.50380
4.76344
5.05218
5.66933
5.94867
6.35769
