-0.37112
-0.49656
-0.54431
-0.64567
-0.37087
-0.50954
-0.39821
-0.39567
-0.20709
-0.13033
0.07067
0.29165
0.22731
0.47799
0.67748
0.90760
0.99717
1.09112
1.33483
1.41773
1.61228
1.68047
1.77954
1.76183
1.84630
1.82310
1.76959
1.70745
1.62837
1.69598
1.33003
1.47153
1.59112
1.74859
1.88523
1.88872
2.04238
2.17097
2.09363
2.15809
2.31934
2.24639
2.38754
2.25075
2.32393
2.16605
2.17540
2.30411
2.58503
2.51597
2.82856
2.64385
2.71506
2.71937
2.82533
2.78498
2.66361
2.80697
2.72943
2.67783
2.36948
2.36866
2.10973
2.38285
2.15536
2.24140
2.25030
2.23638
2.40267
2.40641
2.43420
2.34881
2.42220
2.51482
2.59727
2.59863
2.81772
2.86851
2.85028
3.04731
3.15131
3.33070
3.35789
3.58985
3.63452
3.62846
3.45045
3.52509
3.47884
3.37785
3.21975
3.22544
3.10425
3.03941
3.05887
3.06581
2.94087
2.97689
3.14895
3.17883
3.10541
3.04531
3.16513
3.07641
3.02641
3.09323
2.98368
3.13526
3.12956
3.09708
3.15192
3.04476
2.94690
3.02704
3.10586
3.05070
3.21261
2.95662
3.02746
2.74187
2.87414
2.88296
2.58611
2.33659
2.38170
2.24949
2.15791
2.16232
1.91500
1.96603
1.99212
1.98287
1.65633
1.69886
1.87081
2.45455
2.47826
2.72516
2.96312
3.12159
3.50429
4.06641
4.33978
4.71252
5.49742
5.60439
6.25879
