-0.44695
-0.67597
-0.61494
-0.48126
-0.37354
-0.74121
-0.59502
-0.44186
-0.35996
-0.42437
-0.10290
0.22276
0.53280
0.85510
0.87294
1.04714
1.35345
1.66441
1.72368
2.09066
2.22839
2.33218
2.30973
2.17848
2.00466
1.79091
1.70587
1.74172
1.52711
1.30913
1.29770
1.15606
1.14943
1.19800
1.32756
1.41242
1.37583
1.51813
1.49329
1.58449
2.04626
2.25843
2.16532
2.19517
2.18594
2.06211
2.01382
2.04211
2.26486
2.36344
2.75772
2.34222
2.41382
2.33622
2.41489
2.32012
2.25650
2.28084
2.17898
2.06675
1.91358
1.79952
1.50723
1.78059
1.30814
1.43500
1.41083
1.51590
1.55349
1.47678
1.44827
1.49381
1.43796
1.34736
1.30476
1.25170
1.59343
1.55227
1.66389
1.75947
1.87698
2.13289
2.16471
2.12296
2.32540
2.50795
2.56485
2.66742
2.56403
2.45772
2.25365
2.44982
2.36219
2.41974
2.48062
2.53814
2.54028
2.54115
2.65245
2.68567
2.76510
2.45953
2.60780
2.54020
2.38877
2.44429
2.70910
2.79186
2.70604
2.65472
2.70545
2.78397
2.66522
2.96558
2.93898
2.63550
2.85625
2.82827
2.70043
2.52365
2.60900
2.61495
2.26126
2.00542
1.91712
1.79077
1.85030
2.03329
2.03663
1.93373
2.01114
2.07614
1.94933
1.88981
2.37577
2.77416
3.28139
3.53469
3.74194
3.84249
4.25978
4.91956
5.16629
5.37566
5.84385
6.27747
6.46149
